3497238310
3240048764
478754346
525968880
2968135512
1244140539
386160015
2935649082
2931254547
3337046794
1436760519
500446858
2952320230
3431194126
3371533654
370442541
3016759846
394463341
1075716537
2897832422
517094985
3016521240
3478877323
3589367895
431018958
458735196
3694064560
3266399073
542269487
3441399292
3724581378
166654939
3351667846
470887791
3288274849
2084217208
490390951
2151056407
3269087421
278388986
2704379125
3293945284
3095137758
2866686547
3463922449
2339516180
3649916507
3561314880
3592992234
241345533
1425069308
3467941308
3334300164
3604391853
2976350388
2647229826
501320769
930126921
2475162978
267836606
172097783
3323498985
3046916429
2762301555
1818403842
3263497678
3259992722
483841513
2923475135
1386251841
1119015538
2081615901
3747543364
3242088278
2255332561
2282600972
241109594
2550011909
3429465163
2586532797
2426781076
70995350
2848571082
2056930414
2696060728
2667783499
160585932
1370773415
298920219
3014986976
2994104606
228949397
1452361926
2310126952
3462165890
3674521435
862054277
3285993030
3331797838
3648081498
